2452990.81451  -9.49015  0.00120  6.00503  0.00282  0.02558  0.00240 -4.9964  0.0049
2453002.83363  -9.49101  0.00113  5.99713  0.00266  0.02462  0.00226 -5.0083  0.0036
2453051.74927  -9.48782  0.00112  6.00329  0.00263  0.02559  0.00224 -4.9785  0.0045
2453063.67446  -9.48762  0.00103  6.00756  0.00242  0.02495  0.00206 -5.0071  0.0033
2453759.77268  -9.49312  0.00038  6.01940  0.00089  0.02534  0.00076 -4.9145  0.0014
2454141.75387  -9.49137  0.00037  6.05251  0.00087  0.02755  0.00074 -4.8296  0.0011
2454422.85208  -9.49033  0.00044  6.04734  0.00103  0.02913  0.00088 -4.8449  0.0014
2454426.83021  -9.49140  0.00039  6.04460  0.00092  0.02841  0.00078 -4.8422  0.0010
2454521.67529  -9.49054  0.00047  6.05715  0.00110  0.02856  0.00094 -4.8217  0.0015
2454522.75163  -9.49206  0.00044  6.05881  0.00103  0.02938  0.00088 -4.8272  0.0014
2454523.72989  -9.49134  0.00046  6.05845  0.00108  0.03083  0.00092 -4.8178  0.0015
2454524.71902  -9.49275  0.00042  6.05767  0.00099  0.03037  0.00084 -4.8251  0.0012
2454525.73898  -9.49268  0.00041  6.05924  0.00096  0.02945  0.00082 -4.8250  0.0012
2454526.67410  -9.49383  0.00039  6.05765  0.00092  0.02958  0.00078 -4.8468  0.0011
2454527.70033  -9.49195  0.00040  6.05569  0.00094  0.02981  0.00080 -4.8374  0.0011
2454528.66385  -9.49340  0.00042  6.05757  0.00099  0.02799  0.00084 -4.8403  0.0012
2454529.66626  -9.49176  0.00044  6.05524  0.00103  0.02931  0.00088 -4.8434  0.0014
2454530.71159  -9.49298  0.00039  6.05518  0.00092  0.02886  0.00078 -4.8474  0.0011
2454569.58882  -9.48944  0.00045  6.05512  0.00106  0.02813  0.00090 -4.8109  0.0014
2454571.56813  -9.49027  0.00049  6.05481  0.00115  0.02792  0.00098 -4.8173  0.0016
2454611.54352  -9.49210  0.00045  6.05100  0.00106  0.02690  0.00090 -4.8462  0.0015
2454616.54398  -9.49185  0.00052  6.05601  0.00122  0.02616  0.00104 -4.8390  0.0020
2454618.49948  -9.49087  0.00065  6.05841  0.00153  0.02951  0.00130 -4.8216  0.0027
2454620.46544  -9.49109  0.00117  6.05930  0.00275  0.03029  0.00234 -4.8043  0.0065
2454640.52281  -9.49245  0.00044  6.05022  0.00103  0.02698  0.00088 -4.8547  0.0016
2454643.49018  -9.49222  0.00044  6.04744  0.00103  0.02943  0.00088 -4.8601  0.0016
2454647.50597  -9.49230  0.00045  6.04560  0.00106  0.02893  0.00090 -4.8683  0.0017
2454774.86071  -9.49127  0.00049  6.05020  0.00115  0.02852  0.00098 -4.8324  0.0017
2454775.85951  -9.49113  0.00052  6.04818  0.00122  0.02939  0.00104 -4.8419  0.0020
2454776.86403  -9.49039  0.00056  6.05164  0.00132  0.02985  0.00112 -4.8436  0.0022
2454777.87158  -9.49075  0.00051  6.04790  0.00120  0.03030  0.00102 -4.8479  0.0019
2454778.87121  -9.49165  0.00048  6.04476  0.00113  0.02620  0.00096 -4.8485  0.0017
2454779.87319  -9.49172  0.00046  6.04609  0.00108  0.02597  0.00092 -4.8493  0.0016
2454780.87114  -9.49038  0.00055  6.04679  0.00129  0.02921  0.00110 -4.8582  0.0022
2454799.82986  -9.49043  0.00050  6.04356  0.00118  0.02787  0.00100 -4.8572  0.0019
2454800.83429  -9.49249  0.00036  6.04405  0.00085  0.02774  0.00072 -4.8564  0.0011
2454801.79065  -9.49331  0.00043  6.04489  0.00101  0.02664  0.00086 -4.8554  0.0014
2454802.82679  -9.49239  0.00035  6.04417  0.00082  0.02514  0.00070 -4.8561  0.0010
2454803.80505  -9.49107  0.00037  6.04854  0.00087  0.02704  0.00074 -4.8571  0.0012
2454804.83405  -9.49077  0.00040  6.04624  0.00094  0.02755  0.00080 -4.8524  0.0013
2454805.82806  -9.49124  0.00042  6.04463  0.00099  0.02736  0.00084 -4.8523  0.0015
2454806.80424  -9.49101  0.00040  6.04914  0.00094  0.02591  0.00080 -4.8510  0.0013
2454807.80998  -9.49141  0.00038  6.04902  0.00089  0.02767  0.00076 -4.8483  0.0012
2454847.80026  -9.49228  0.00034  6.05220  0.00080  0.02639  0.00068 -4.8360  0.0010
2454848.80163  -9.49063  0.00032  6.05162  0.00075  0.02806  0.00064 -4.8343  0.0008
2454849.76930  -9.49007  0.00035  6.05573  0.00082  0.02767  0.00070 -4.8320  0.0011
2454850.79608  -9.49183  0.00033  6.05070  0.00078  0.02851  0.00066 -4.8350  0.0008
2454851.78868  -9.49009  0.00034  6.05405  0.00080  0.02780  0.00068 -4.8315  0.0010
2454852.78867  -9.49084  0.00033  6.05155  0.00078  0.02787  0.00066 -4.8331  0.0009
2454853.77149  -9.49035  0.00034  6.05234  0.00080  0.02946  0.00068 -4.8350  0.0010
2454854.79711  -9.49024  0.00033  6.05235  0.00078  0.02751  0.00066 -4.8344  0.0010
2454878.71662  -9.49214  0.00034  6.04796  0.00080  0.02761  0.00068 -4.8453  0.0010
2454879.66815  -9.49168  0.00039  6.05054  0.00092  0.02735  0.00078 -4.8372  0.0013
2454880.75239  -9.49343  0.00032  6.04922  0.00075  0.02813  0.00064 -4.8413  0.0009
2454881.74306  -9.49217  0.00035  6.04934  0.00082  0.02714  0.00070 -4.8507  0.0011
2454882.67091  -9.49196  0.00036  6.04866  0.00085  0.02809  0.00072 -4.8406  0.0010
2454883.64099  -9.49204  0.00037  6.05276  0.00087  0.02748  0.00074 -4.8471  0.0011
2454884.71141  -9.49147  0.00037  6.05202  0.00087  0.02788  0.00074 -4.8476  0.0013
2454885.63862  -9.49231  0.00038  6.05192  0.00089  0.02827  0.00076 -4.8418  0.0012
2454886.70769  -9.49340  0.00034  6.05055  0.00080  0.02888  0.00068 -4.8431  0.0010
2454913.63232  -9.49127  0.00033  6.03882  0.00078  0.02673  0.00066 -4.8594  0.0009
2454914.62839  -9.49112  0.00033  6.03890  0.00078  0.02687  0.00066 -4.8661  0.0009
2454915.63299  -9.49004  0.00038  6.03979  0.00089  0.02795  0.00076 -4.8627  0.0013
2454916.62564  -9.49111  0.00033  6.03970  0.00078  0.02684  0.00066 -4.8647  0.0010
2454917.62727  -9.49115  0.00033  6.03826  0.00078  0.02681  0.00066 -4.8643  0.0010
2454918.63273  -9.49123  0.00032  6.03641  0.00075  0.02641  0.00064 -4.8613  0.0008
2454919.59834  -9.49032  0.00031  6.03627  0.00073  0.02632  0.00062 -4.8643  0.0008
2454920.62177  -9.49049  0.00033  6.03733  0.00078  0.02640  0.00066 -4.8658  0.0009
2455184.81925  -9.49189  0.00032  6.03563  0.00075  0.02702  0.00064 -4.8837  0.0009
2455219.81525  -9.49223  0.00036  6.03608  0.00085  0.02738  0.00072 -4.8922  0.0011
2455220.80442  -9.49278  0.00036  6.03504  0.00085  0.02850  0.00072 -4.8927  0.0011
2455222.81010  -9.49175  0.00052  6.03700  0.00122  0.02776  0.00104 -4.8937  0.0019
2455223.81539  -9.49213  0.00040  6.03874  0.00094  0.02723  0.00080 -4.8937  0.0015
2455224.72967  -9.49186  0.00035  6.03756  0.00082  0.02827  0.00070 -4.8838  0.0011
2455225.78360  -9.49320  0.00038  6.03651  0.00089  0.02830  0.00076 -4.8889  0.0013
2455226.82600  -9.49314  0.00033  6.03655  0.00078  0.02769  0.00066 -4.8895  0.0010
2455228.84960  -9.49331  0.00054  6.04093  0.00127  0.02639  0.00108 -4.8838  0.0026
2455231.76834  -9.49231  0.00045  6.03795  0.00106  0.02504  0.00090 -4.8897  0.0018
2455232.79348  -9.49186  0.00042  6.03980  0.00099  0.02680  0.00084 -4.8867  0.0016
2455233.72107  -9.49166  0.00039  6.04046  0.00092  0.02599  0.00078 -4.8901  0.0016
2455234.76912  -9.49190  0.00037  6.04027  0.00087  0.02637  0.00074 -4.8884  0.0014
2455235.75950  -9.49202  0.00041  6.03950  0.00096  0.02602  0.00082 -4.8907  0.0015
2455236.72530  -9.49161  0.00042  6.04005  0.00099  0.02436  0.00084 -4.8932  0.0016
2455237.74952  -9.49117  0.00036  6.03886  0.00085  0.02599  0.00072 -4.8784  0.0014
2455238.78313  -9.49161  0.00033  6.03843  0.00078  0.02653  0.00066 -4.8917  0.0009
2455239.78512  -9.49193  0.00033  6.03919  0.00078  0.02587  0.00066 -4.8885  0.0010
2455240.76612  -9.49010  0.00038  6.04276  0.00089  0.02690  0.00076 -4.8899  0.0014
2455241.78700  -9.49120  0.00033  6.04003  0.00078  0.02651  0.00066 -4.8925  0.0010
2455242.79091  -9.49117  0.00033  6.04091  0.00078  0.02638  0.00066 -4.8938  0.0011
2455243.79879  -9.49102  0.00034  6.03887  0.00080  0.02543  0.00068 -4.8916  0.0011
2455244.81400  -9.49144  0.00037  6.03670  0.00087  0.02611  0.00074 -4.8919  0.0013
2455245.73481  -9.49230  0.00034  6.04010  0.00080  0.02578  0.00068 -4.8899  0.0011
2455246.76790  -9.49093  0.00038  6.03960  0.00089  0.02603  0.00076 -4.8851  0.0014
2455247.79685  -9.49140  0.00040  6.03980  0.00094  0.02627  0.00080 -4.8911  0.0015
2455248.75565  -9.49060  0.00035  6.04048  0.00082  0.02670  0.00070 -4.8873  0.0012
2455272.64081  -9.48975  0.00034  6.03234  0.00080  0.02614  0.00068 -4.9068  0.0011
2455275.63212  -9.49253  0.00040  6.02938  0.00094  0.02675  0.00080 -4.9067  0.0017
2455276.58336  -9.49218  0.00042  6.02933  0.00099  0.02594  0.00084 -4.9049  0.0016
2455277.65939  -9.49159  0.00034  6.03242  0.00080  0.02642  0.00068 -4.9077  0.0012
2455574.83561  -9.49123  0.00038  6.03082  0.00089  0.02531  0.00076 -4.9235  0.0015
2455575.82902  -9.49271  0.00038  6.03167  0.00089  0.02451  0.00076 -4.9192  0.0014
2455576.82522  -9.49244  0.00047  6.03210  0.00110  0.02642  0.00094 -4.9218  0.0020
2455577.83007  -9.49141  0.00038  6.03127  0.00089  0.02556  0.00076 -4.9263  0.0016
2455578.82553  -9.49134  0.00043  6.02952  0.00101  0.02439  0.00086 -4.9199  0.0018
2455579.83505  -9.49176  0.00034  6.02874  0.00080  0.02556  0.00068 -4.9238  0.0014
2455580.80769  -9.49146  0.00037  6.02946  0.00087  0.02665  0.00074 -4.9273  0.0016
2455583.82289  -9.49127  0.00037  6.02928  0.00087  0.02572  0.00074 -4.9295  0.0016
2455584.81921  -9.49188  0.00045  6.03205  0.00106  0.02627  0.00090 -4.9343  0.0022
2455585.80043  -9.49197  0.00042  6.03095  0.00099  0.02477  0.00084 -4.9311  0.0020
2455586.75519  -9.49153  0.00053  6.03081  0.00125  0.02363  0.00106 -4.9342  0.0027
2455589.82818  -9.49110  0.00044  6.03279  0.00103  0.02627  0.00088 -4.9290  0.0022
2455590.82939  -9.49147  0.00042  6.03410  0.00099  0.02523  0.00084 -4.9307  0.0021
2455591.80385  -9.49073  0.00042  6.03422  0.00099  0.02611  0.00084 -4.9218  0.0021
2455592.81654  -9.49083  0.00035  6.03113  0.00082  0.02500  0.00070 -4.9292  0.0015
2455593.82207  -9.49031  0.00040  6.03644  0.00094  0.02482  0.00080 -4.9189  0.0019
2455611.69558  -9.48945  0.00034  6.04210  0.00080  0.02585  0.00068 -4.8991  0.0013
2455612.67072  -9.48961  0.00034  6.04145  0.00080  0.02767  0.00068 -4.9012  0.0013
2455613.73744  -9.48910  0.00039  6.04215  0.00092  0.02772  0.00078 -4.9012  0.0018
2455614.68515  -9.48933  0.00035  6.04095  0.00082  0.02599  0.00070 -4.9023  0.0014
2455615.72443  -9.49076  0.00032  6.04068  0.00075  0.02734  0.00064 -4.9004  0.0013
2455616.69928  -9.49113  0.00035  6.04165  0.00082  0.02501  0.00070 -4.9039  0.0014
2455617.72421  -9.48995  0.00038  6.04135  0.00089  0.02549  0.00076 -4.9094  0.0017
2455619.68853  -9.49020  0.00042  6.03944  0.00099  0.02600  0.00084 -4.9113  0.0020
2455620.75669  -9.49017  0.00053  6.04260  0.00125  0.02768  0.00106 -4.9134  0.0028
2455622.64258  -9.48937  0.00041  6.03919  0.00096  0.02640  0.00082 -4.9123  0.0018
2455623.68609  -9.49013  0.00037  6.03921  0.00087  0.02513  0.00074 -4.9301  0.0017
2455626.64484  -9.48971  0.00034  6.03577  0.00080  0.02543  0.00068 -4.9322  0.0014
2455627.73633  -9.49047  0.00045  6.03003  0.00106  0.02216  0.00090 -4.9310  0.0021
2455628.64690  -9.49010  0.00041  6.03523  0.00096  0.02544  0.00082 -4.9363  0.0021
2455629.65085  -9.49044  0.00034  6.03006  0.00080  0.02505  0.00068 -4.9443  0.0015
2455630.67262  -9.49143  0.00033  6.02882  0.00078  0.02474  0.00066 -4.9430  0.0013
2455631.64972  -9.49069  0.00038  6.03011  0.00089  0.02435  0.00076 -4.9459  0.0019
2455632.64627  -9.48972  0.00036  6.03054  0.00085  0.02600  0.00072 -4.9447  0.0016
2455633.67413  -9.49014  0.00034  6.02944  0.00080  0.02592  0.00068 -4.9462  0.0014
2455634.63845  -9.49043  0.00035  6.02897  0.00082  0.02605  0.00070 -4.9471  0.0015
2455635.62772  -9.49060  0.00036  6.03077  0.00085  0.02542  0.00072 -4.9440  0.0016
2455637.62128  -9.48947  0.00037  6.03510  0.00087  0.02463  0.00074 -4.9496  0.0018
2455638.64695  -9.49091  0.00029  6.03165  0.00068  0.02578  0.00058 -4.9441  0.0011
2455639.64591  -9.49122  0.00028  6.03337  0.00066  0.02506  0.00056 -4.9427  0.0009
2455640.66801  -9.49065  0.00029  6.03311  0.00068  0.02579  0.00058 -4.9399  0.0010
2455641.65542  -9.49221  0.00029  6.03154  0.00068  0.02446  0.00058 -4.9375  0.0010
2455642.63741  -9.49200  0.00028  6.03243  0.00066  0.02555  0.00056 -4.9350  0.0010
2455643.63893  -9.49165  0.00029  6.03205  0.00068  0.02511  0.00058 -4.9341  0.0009
2455644.64157  -9.49059  0.00027  6.03302  0.00063  0.02518  0.00054 -4.9352  0.0009
2455645.63389  -9.48999  0.00031  6.03390  0.00073  0.02498  0.00062 -4.9343  0.0011
2455646.63676  -9.49014  0.00031  6.03350  0.00073  0.02550  0.00062 -4.9346  0.0011
2455647.63046  -9.49071  0.00028  6.03316  0.00066  0.02538  0.00056 -4.9340  0.0008
2455648.65497  -9.49031  0.00028  6.03221  0.00066  0.02531  0.00056 -4.9337  0.0009
2455652.59345  -9.49050  0.00031  6.03451  0.00073  0.02396  0.00062 -4.9312  0.0012
2455653.60844  -9.48984  0.00032  6.03403  0.00075  0.02496  0.00064 -4.9331  0.0013
2455654.59253  -9.48965  0.00034  6.03420  0.00080  0.02475  0.00068 -4.9275  0.0014
2455656.60587  -9.49076  0.00032  6.03307  0.00075  0.02479  0.00064 -4.9272  0.0013
2455657.58163  -9.48965  0.00032  6.03388  0.00075  0.02481  0.00064 -4.9295  0.0012
2455659.53577  -9.48951  0.00035  6.03418  0.00082  0.02399  0.00070 -4.9281  0.0015
2455660.50409  -9.48952  0.00054  6.03689  0.00127  0.02868  0.00108 -4.9353  0.0030
2455662.55366  -9.48994  0.00037  6.03661  0.00087  0.02382  0.00074 -4.9358  0.0017
2455672.59576  -9.49020  0.00040  6.03049  0.00094  0.02461  0.00080 -4.9358  0.0018
2455674.52779  -9.48961  0.00040  6.03133  0.00094  0.02428  0.00080 -4.9393  0.0018
2455676.59383  -9.49084  0.00038  6.02750  0.00089  0.02667  0.00076 -4.9359  0.0017
2455677.50826  -9.48946  0.00037  6.02959  0.00087  0.02327  0.00074 -4.9407  0.0017
2455678.49094  -9.48885  0.00041  6.02912  0.00096  0.02540  0.00082 -4.9427  0.0018
2455679.55559  -9.49212  0.00034  6.02777  0.00080  0.02554  0.00068 -4.9462  0.0013
2455680.54242  -9.49027  0.00039  6.03029  0.00092  0.02416  0.00078 -4.9433  0.0018
2455681.54153  -9.49075  0.00041  6.03015  0.00096  0.02384  0.00082 -4.9409  0.0019
2455682.53088  -9.49105  0.00036  6.02793  0.00085  0.02598  0.00072 -4.9391  0.0016
2455683.52480  -9.49232  0.00035  6.02737  0.00082  0.02484  0.00070 -4.9435  0.0015
2455684.53091  -9.49103  0.00037  6.02655  0.00087  0.02472  0.00074 -4.9406  0.0016
2455685.53371  -9.49228  0.00038  6.02706  0.00089  0.02440  0.00076 -4.9430  0.0016
2455686.56159  -9.49076  0.00041  6.02887  0.00096  0.02562  0.00082 -4.9424  0.0018
2455687.52274  -9.48996  0.00042  6.02745  0.00099  0.02500  0.00084 -4.9452  0.0020
2455689.54959  -9.49135  0.00059  6.03094  0.00139  0.02358  0.00118 -4.9494  0.0036
2455691.57620  -9.49085  0.00040  6.02763  0.00094  0.02504  0.00080 -4.9458  0.0017
2455692.54262  -9.48936  0.00047  6.03050  0.00110  0.02635  0.00094 -4.9506  0.0025
2455693.49739  -9.49032  0.00036  6.02801  0.00085  0.02469  0.00072 -4.9454  0.0015
2455694.48058  -9.49194  0.00033  6.02407  0.00078  0.02506  0.00066 -4.9517  0.0013
2455695.50135  -9.49108  0.00038  6.02816  0.00089  0.02393  0.00076 -4.9547  0.0017
2455711.53569  -9.49011  0.00050  6.03643  0.00118  0.02300  0.00100 -4.9302  0.0027
2455712.50993  -9.49025  0.00049  6.03271  0.00115  0.02437  0.00098 -4.9354  0.0024
2455714.57783  -9.48931  0.00083  6.04181  0.00195  0.02605  0.00166 -4.9112  0.0046
2455715.47189  -9.49049  0.00042  6.03196  0.00099  0.02687  0.00084 -4.9268  0.0020
2455716.48368  -9.48968  0.00037  6.03545  0.00087  0.02530  0.00074 -4.9262  0.0016
2455727.46508  -9.48942  0.00036  6.03103  0.00085  0.02603  0.00072 -4.9360  0.0017
2455728.47733  -9.49064  0.00043  6.03355  0.00101  0.02642  0.00086 -4.9381  0.0023
2455729.47227  -9.48733  0.00048  6.03882  0.00113  0.02561  0.00096 -4.9351  0.0026
2455735.49458  -9.49062  0.00075  6.04450  0.00176  0.02485  0.00150 -4.9487  0.0053